52.82546320836755 -60.74311136343067 0.5063599307790019
19.03394874661717 19.758651031421152 0.5174275344388986
-76.45185528380125 5.534151638114963 0.5085198933074959
27.987497432468018 -16.946576729707317 0.600225414739773
86.47277191566727 -43.082500213001666 0.49993630099655756
-20.147348262346767 32.88749959041766 0.5134564696573878
-92.77788425670319 97.10129648569423 0.5000094650071972
43.99192330739544 -17.92796170640885 0.46588511881606015
57.15112716077789 31.52325979405643 0.49710736549468676
36.810963135453704 0.33727605768665114 0.5181214610086553
-62.47461094088522 70.04630482262684 0.4962952316249008
9.918725657463298 -9.053061136821867 0.5552404710914639
-89.73989342174109 44.94964688394518 0.49613747486567594
92.66878003135494 -41.91284446717538 0.5027325788681039
22.2895467804495 -43.709711250783286 0.5317913517824469
3.748378602279942 70.39743844468839 0.51304248686857
-86.9309582729004 -54.77193520797823 0.5010353331845767
87.69159022007793 64.9375206893092 0.5003147834612733
49.98438712282817 61.98719021195359 0.5053038433014863
-26.978768321870035 -87.34016568743749 0.4953238112294341
86.30707258158924 -27.010165263662373 0.4986579222744908
-60.132827264324206 32.614806175421364 0.4975745593881013
-75.2297822880167 -98.737532745297 0.5018515414746172
-26.78754748232366 -15.921328876294183 0.3875631856882472
23.965824123961198 83.24225400219345 0.5061974853666942
-22.25997114562621 95.372414415646 0.4979492051254244
80.19006389396412 86.3729488075372 0.5022440345936838
-2.4700404094576385 -49.724861505858506 0.4762562971528884
-49.8516052579256 -85.55278194275691 0.5042550503690403
12.098402777744298 54.74566187690317 0.483397927894308
71.53740694588461 15.165296692399252 0.5021035444260261
20.07098429874206 61.09111739668796 0.5185925194421471
2.3978944825095567 78.53852790732964 0.4903092496940225
-18.486469838929224 28.640318098454145 0.43676392113170587
82.4622651587051 97.23025329855949 0.501464731445998
-84.55550834400127 97.01678925572381 0.4984195429144442
-53.84207524009528 21.457979571250434 0.5249902749333992
35.33501096775592 -74.51051330207846 0.499960670347436
32.84265449648777 36.500493324511126 0.5295386571396915
87.74723280011236 -19.409540030666747 0.5047732861413274
5.138231690974251 -59.064157384612926 0.4830181117692738
13.583585472770139 -92.17345660758762 0.5029542437800375
35.0178888396255 78.36136882477811 0.5030605533789726
73.31209537186388 -45.650268259418205 0.5069752651505224
84.97312288790434 69.7542868728018 0.49708232356517723
-40.13108022804761 27.473209119272042 0.5438265033812424
57.48983571337024 -98.67958352747155 0.5015226797788962
-82.57095738111559 15.207331785955546 0.5011980196745381
-71.1140924601792 5.198361082095062 0.504438028556221
16.725555560238334 31.33811906573777 0.5342861879804867
88.50553436306544 90.96310969615286 0.5013721354925827
51.48726173873385 33.64015928089833 0.5193533747818154
97.16966976164915 6.562447019233858 0.4954519009189594
1.0382875927778485 84.39290014521211 0.49498452746563837
-93.86116940258566 -15.759747808811113 0.5013835168763175
88.68772506828674 71.19100454184283 0.4992073416972724
-54.22131968418471 69.68662572417202 0.4949057680642004
-71.19398336312878 72.98411067338307 0.5036906429364507
93.99013326676263 42.47529505631218 0.4981982295788126
-44.74145087379351 93.6060202308357 0.49642929441439887
80.01432079451334 99.19769514383304 0.5015336066700673
-48.230857646140905 -1.9786727132935482 0.5298742244617977
-17.37800013274888 25.816532590433468 0.3928353434667944
-80.40268502725198 36.78280505519672 0.49602680045091757
-35.04367804749158 -58.39534243103155 0.5068763182789734
28.405375887988072 -10.338267384189749 0.5983731920421247
-91.33972903846251 -82.94738693969904 0.5002834521486061
-92.39859532790362 -87.27351792611569 0.5016371725875559
-73.7919637893458 32.351455994297 0.5053750086510026
19.952058924295983 -68.95615982341702 0.4922531247470846
19.676534733524818 -8.979108526538553 0.32634372711690385
82.10665109313246 75.49009458294651 0.5027674437798475
-61.403486157288036 1.0578021762126468 0.5209603800400789
-36.597491433307795 13.192492683997699 0.5587429726172072
-3.494350306254887 -35.201882093226615 0.5063039319732583
2.747185732959977 -11.545814160236205 0.43336296417650666
-86.56470484428891 51.05339248108373 0.49595049939103125
9.781601399134004 -91.32372497574349 0.4994896018881454
46.62957371375208 12.547994225958774 0.5309723644248506
56.96841347310183 -23.900030015756514 0.5109963855695197
55.68132084262837 23.715508528023932 0.5020989910136477
-16.030777673106897 81.08718276732333 0.503020563959706
72.88158548127069 54.343260878557004 0.4946107722625508
-55.75122776346144 -61.232422480653945 0.5051407385980929
47.71533988799155 46.59297922185513 0.4977133955720045
28.755679925770238 -40.98206321398295 0.4625856727046634
-65.93891478174706 75.35715800901013 0.4971222527026891
9.866198722179618 32.06732350599631 0.5474013131276139
-27.95002489789971 78.00206651074959 0.5057029381881931
-56.217474833099914 99.88833188308655 0.5024905522795381
67.22021155128667 -24.007698332467342 0.5024753118410794
91.44284330192397 12.389144633469002 0.5038578930402404
75.99828205332656 6.5611871232495105 0.5020807227188914
44.55031572730738 -48.93009418706249 0.484078452096744
-34.35666111240022 -80.19918288243545 0.4990695079236785
-25.937357596730067 -74.06691787837083 0.49031986441867026
-26.094541105301076 35.83305460944041 0.4561527637975762
62.014773628572186 92.84563835120477 0.5026710984152017
67.58009805169351 -4.604928641363529 0.514838052175174
-52.27481682842772 77.9739287303644 0.4961820041262898
8.471956970081024 64.50302221007226 0.504731775946314
44.69397562155885 -1.7108659533432444 0.49545254064244454
-12.946109151439742 -48.59200259811778 0.4598840872777644
33.82257800276102 -10.911776712271589 0.5373469705963289
-87.82875657409068 52.08382297412348 0.503828810477018
-24.02561455794529 74.76094596393256 0.49026775632060743
32.008852757746524 23.53648903444487 0.5454568726229148
-22.597563448380072 41.564474484770415 0.4555909259993018
12.872240718190753 21.035858280351036 0.38628872828520566
-18.73355011069704 -70.68318055582475 0.5020153695317024
-9.489107578638013 64.91886875411873 0.48675222194905265
98.80435893783843 2.9945764482204993 0.5042048916423869
-24.07374687575276 -22.058273709784146 0.5917580798339411
-59.15039062938956 98.56985977892586 0.5020767230086242
-37.624311518523676 85.41012138602255 0.5013882032316334
67.4944985657286 -94.57312294542145 0.49763421093921784
1.166702679298865 -55.34411900518781 0.5220003689336501
72.5028307189331 91.06619825251633 0.49776448422028646
56.73858906580446 -87.7678750239453 0.5003697339701558
95.36815873291715 98.80785058615308 0.5003013036567889
71.12979927245533 32.11783417886127 0.4945428172233758
-6.643751038211093 70.72707481361263 0.5104143198753511
27.228403015926503 62.54806586986359 0.5034747351097131
80.46893657637335 -96.95713350338431 0.49862616103825635
37.797529892106354 8.542724978183273 0.5405799341059759
-1.0492147676568209 -56.78218066999208 0.47524222672883204
-2.453460852496846 96.60025777571292 0.49974340448533944
35.55966428587632 9.406252502452375 0.5233932718447284
-86.86660940617136 82.30766303870209 0.49821156902132246
-68.3570636925716 -26.91900712203588 0.5091694398154127
48.147220768396494 -57.24550287673213 0.4957733873051828
-87.78911401506102 36.024247883900784 0.49861747852673
-8.967326172354518 20.20225884250175 0.27997052499833
-92.66173324729061 -21.16892315239744 0.5001575184484781
-60.70184949204685 83.34128543539018 0.49844512457112283
50.45044019599365 29.698354767700067 0.516906217210824
-81.44308857931614 -18.234168754554304 0.5072137937795388
5.542433819243527 41.25893732167128 0.5004599951163764
72.87390607882327 -12.669419339305747 0.5114778495579347
78.38574332868106 92.34309297709964 0.5019124937632764
-87.19963256949063 56.472315764538166 0.4967360030408518
-68.6188634578333 66.8553592917595 0.5048240796729325
-29.50047296830205 21.75579674833328 0.5450221066723013
88.37738830877038 40.33247978939997 0.49594486514187
-26.270631697565136 4.691105681395527 0.6704604152097126
-83.74976779492194 9.592364461662356 0.496222849856055
-58.062979430482464 27.596236818210457 0.5184755627428167
97.39359272438725 99.13876594873602 0.4999016431613739
-98.1121544426462 -45.4854813108379 0.502746496473522
-76.77875840576667 -99.0214974062231 0.49865960790811964
77.39978823490861 40.30272725608904 0.4988604664318106
32.74167401567567 -5.059747320397648 0.6089818804785172
99.06060938778083 -5.75790479238087 0.5036557852324156
-34.53724908923574 -0.7053030563036771 0.39609940913203057
31.689066663760258 19.2632223389664 0.4702949180023374
56.04397136013182 73.44609385825399 0.5045966968176201
35.99188543402397 -10.96153884738689 0.4152730677319485
-84.00954087464294 25.12001528783425 0.4943872454149276
-36.82501742939031 6.839028691139433 0.4235429249663641
22.37018744474571 -18.411104727000563 0.4742892735091558
61.99760206296622 92.93931566097348 0.502547116556863
-44.096696969357275 -18.683801299102782 0.49836763467556766
-52.94770419498987 84.46541245885678 0.5004731219203618
-49.95485099303873 93.68120049196605 0.49908693762378475
-44.53749368542059 -4.578281288511803 0.500497899129592
21.514992598150812 5.002401544403924 0.27845567575205515
96.55398930509261 -55.48492290628309 0.5026326838921837
46.024409723039156 1.9696662708305297 0.5265439974277134
-17.960536340538866 49.53233338379067 0.49535713384268415
81.31716899278356 -74.05976665839069 0.49709124327825
73.18035827207294 -52.472659953738685 0.5031212643814106
-45.289854961164 -70.8645335121058 0.4990321298269479
-12.209128513543476 31.954519978522598 0.4187995390242059
10.308095387687175 63.524776236944035 0.5188297939429158
12.606117344584433 53.72354759225098 0.5280274714569263
-93.86536354805595 -26.928242831665088 0.496101091543664
-30.415493784698697 -52.5463725590015 0.5104579578619618
68.71513133812911 80.0181146325975 0.5030470740257349
13.437187226155473 -91.76160695960944 0.5053811574157144
-30.95658809737327 -32.72184535375351 0.5286749402158153
-4.971402066359957 -60.73090059233881 0.517865039585238
-42.41296218899364 47.65070009884707 0.5066705590755015
-69.44424093200048 52.792221374110824 0.4992813060276741
24.451697321248147 -33.232414783683396 0.4540920371303742
88.78602727066311 -70.78708954373845 0.4984037736138382
-3.0660131334723246 -13.14287505189715 0.60162221369429
42.65200335225913 56.84616319989294 0.5098558605324136
71.11454488526019 -53.39708614126055 0.5022183397961151
10.329049580480927 46.25554704556271 0.45934827460212757
83.87138516537095 79.6031915374638 0.49914785456105776
60.32973209803134 -66.17671863016724 0.5061445135463396
69.25963179507457 -96.19374809318913 0.5002724194549669
-36.781154201056786 58.06431297396301 0.488968573677973
72.56707731405001 -56.42902534617751 0.5003744876773486
-34.21228392447553 92.05824607450594 0.500310490702578
59.87929404358846 -86.62610846590555 0.5033930610051172
-22.246642949694404 -97.7769266599937 0.49643013858641993
18.08426582785117 19.82016540253551 0.6636075112146997
-29.180221603592457 15.945078302677189 0.5971998631044048
-16.70984850985846 -38.10487814564121 0.49753365612605915
-10.904254394954222 -90.01094726236079 0.4962274017207837
42.104672850206924 11.217079330255288 0.4593203508241781
-67.8688132843581 -59.038914993581294 0.504047540506847
79.2668126048645 16.950391936721005 0.49720810857549025
-3.87586971039255 -25.38578975872477 0.41674542159784733
-51.20011240595805 85.82270164228379 0.4984686382994339
-5.702351732302645 50.967155652261084 0.517134585746567
-84.7700243384581 -71.98143418923203 0.5022502893685031
-59.430115670905415 88.98003383952974 0.4969984670244952
31.106604309659105 -7.495024877736881 0.45144869837517226
-90.05248103888059 59.617399563759875 0.5022321763588808
-8.503424338981418 57.72761942194265 0.5230667671563368
-31.608472497599195 -88.43052793337006 0.49595426789965263
12.022805836635797 95.14097495273461 0.5047493153442648
-60.18213782489767 -74.66580287894723 0.5047446666963626
-86.52090315910648 -88.11188144829667 0.5006728692025818
76.52103565506852 68.56663944439012 0.5010389734187413
18.763329602463557 -74.84884685877444 0.509555534392677
-5.578143061642905 -47.446570483187365 0.48753677425867875
-88.95038478924609 -76.16303556258131 0.5003593341230022
44.59170159643216 58.95989654447945 0.5117436112697774
88.93379867448596 -70.96388626205321 0.49945785428434974
70.95795687417612 80.60853536145206 0.49870881889763946
58.049117361463914 7.070004790853915 0.5192907876703587
-67.41125918069372 49.773688279346715 0.5036161308121349
93.58743624676933 30.11543349854412 0.5012041121056636
66.8948739124537 -17.429963529154364 0.48503241391675284
10.822638836688185 -64.53135149654622 0.49157809789232376
-88.28416155932474 98.45233836434102 0.49877846078976923
11.540454753559231 -31.531540484625168 0.542010134018717
76.08139289708078 43.158562303488196 0.49632725542272565
-43.96596566590469 86.8455560748138 0.49546513964288724
91.15332070808279 -47.55142515188471 0.5005680094057045
7.382720654438032 -65.01485014333468 0.4915756003587953
76.50990830948973 -64.42750160805807 0.4978224611831658
57.03628918491947 -69.90288323752821 0.5012047494976645
-54.04301200846693 89.34153742471733 0.49969936171540386
9.442714472586601 -57.18377878153375 0.5249554943244779
90.9775254664201 84.021959289726 0.5016407290507648
-14.77981173658101 91.85735570192043 0.5040186432844368
-53.91229937991697 55.483603151376116 0.5072342187286957
-95.88374508222537 -55.952518258546725 0.5014675619096159
47.382967416639445 65.92397331153487 0.4952496089189559
55.54024919185153 9.954061687550194 0.47230198131575496
-71.78991110471782 -78.28031989725281 0.49879436728528753
38.75495768068592 -43.55352552215326 0.5241789568382691
74.83028069318112 84.50826779960096 0.4976049554006028
92.2385050131765 -81.03555548595659 0.4983149600079798
-63.41822527853837 -11.125768465675435 0.5188742336605529
-23.93444733138128 -24.754696514394126 0.39854655802107775
-19.323356187457733 20.679024008163594 0.34609197054728225
49.428822947393115 82.41013085709037 0.5040521070169149
-81.3215021986531 -73.70028707782579 0.4973085607892992
97.99499630644073 49.79251139917537 0.49708617245912773
-39.47101926112533 17.183528488336066 0.5178781142923886
-31.89070022546025 -67.47990204737744 0.4994600761156571
-32.389008028614256 40.68771444058984 0.534374735734286
96.84689292614655 79.53982809194787 0.4986080730900129
-54.90181267719827 -19.010654892023354 0.5260954034564697
-63.07965968457025 12.346141341122191 0.5183873247784858
-92.27026929973574 51.92210226091888 0.5010093941989028
16.8586873983741 -59.128829262306446 0.519716906853079
-8.38909970615677 49.67071260592141 0.4609859234987339
34.82215436052704 -38.096923939401165 0.5336103212416028
10.747034981407168 -78.70986253380698 0.5021320057369693
-82.06219362733873 72.33923090395754 0.49871084293903833
47.156812059913165 -27.40299609336192 0.5203035573739314
-50.471073313123306 -17.43309686953303 0.46629606596101963
73.0642714942299 68.22888335851331 0.49822088784747093
-41.59153181720505 -69.44297192364797 0.4991328734679558
79.79084882318207 -40.9101856179507 0.505906388171546
31.958952540222725 -45.21289495531218 0.521513049937634
9.317727248321631 71.5787489518371 0.48717756950802776
-22.524810668549407 -32.154819068684716 0.5774037775089048
86.65293338023352 -37.26960564779007 0.4949615646148903
46.700240401512474 -49.24858824121215 0.5126495241616542
95.2081005907682 21.30613321077132 0.4957504865100977
-40.80850712815052 12.956049080813273 0.5430112031127309
22.259766344209993 13.462190972465365 0.5338856441614085
-93.8765263802088 -47.7597635320584 0.503370735793964
38.86550758612509 31.099126459558136 0.476913270350846
35.744340499578755 27.14599687240036 0.5126706435810803
-33.78829575142812 -87.6889471643973 0.4955861992138911
9.757672209674581 -81.16805034957603 0.4916159039194249
-4.164054885707529 -47.54717615603423 0.48359809593548075
99.53199654744469 -92.0373828624144 0.49922574865554475
-61.5905828095852 29.671365540893618 0.4988987471305216
-54.60163667633739 -13.08390218741178 0.47985200202785194
61.57929578127397 -4.675878396928226 0.5118204003408072
55.418515102662326 84.80474148598037 0.49992416320022803
31.819025989398398 1.7382178732000995 0.42359168635336064
-56.58355069092031 94.84588869241989 0.49838326024887486
86.47690373193191 51.222640096831526 0.49594735432694065
66.02582588925935 44.01550508751308 0.5005069136254121
-51.895749266206835 -75.17872258520835 0.4949473450499573
25.544674252464674 -49.05689954848822 0.5239232324890696
-77.7152169757305 -73.5246816274771 0.49695597157574123
73.81095509529032 -41.493238790564746 0.49283740386711977
-12.223842030442981 -74.17389365146826 0.4898113349748889
-36.435068629332015 97.31855309102488 0.4968235700730619
5.044880059979178 74.87892402025318 0.4912994824290384
-26.344718523560744 62.79558067584759 0.5070327811229339
74.1895879371412 72.56775464922569 0.49647301622577333
-27.036517312376702 -96.23193286964577 0.4982957248888699
42.8266666867581 -97.60472349498866 0.49705922994420887
-86.66526718163612 -55.351534066424726 0.5004022049922294
-53.47657694458283 9.644772270774027 0.5092664206342712
66.67306103637313 -50.33783075884279 0.5065744331601112
88.8660451197035 24.097718414430645 0.5020001709672117
99.32375825892964 -84.50074459425548 0.5015395931670913
84.45824268108029 -91.38375088925672 0.5014248616060031
-4.433726219567788 -58.91235606023886 0.4915388635482518
65.72123669772361 -7.121827236633209 0.48326673565418504
67.39294969235527 61.02997067041224 0.4945756566124059
-64.73502603210704 -66.95230550253649 0.5032945517582442
45.92055891807399 -2.150980725294758 0.5345984086302599
-37.5098741526958 28.229930509343774 0.4543442783837083
16.342079814247754 22.08702412547416 0.5043792701483389
-32.21200095915904 -3.2008680433865493 0.5396070845535621
-58.233530704814896 -12.513868208561433 0.4766041895029639
-98.00599323460075 57.66812470502447 0.499145098910316
-82.16407526355982 69.76022740145831 0.5011334411462808
-96.8346945254327 14.52281039161349 0.4978063060714888
39.43534258654208 -48.92264182798769 0.4795835085342955
65.63086149563387 1.476479395647189 0.48590193545409094
-66.20519349794841 35.8247784629946 0.4890816507202507
48.95091555821028 -7.851188774576073 0.49198281490233614
-45.513863325561154 93.24492129740423 0.4964433987648587
-71.97782353349871 93.86222815476117 0.501299560781825
28.933504595059844 -2.156831381560309 0.4864736898249954
69.40857730679804 -42.656511962630674 0.4921924460798765
21.003426682853757 67.45772299813635 0.5138953491556256
-98.40546978859265 -89.57439151871675 0.5008897857455551
27.072427549212307 -25.02415199484635 0.5085054297656375
-5.571764660666219 -47.76412220185768 0.5159430499515386
-41.3879850147373 49.195401411659134 0.5184929100365908
59.08644839866719 25.197501814398947 0.5179670815493035
-11.61895055316154 57.64287315798035 0.5051293012810393
-30.820984195412677 11.64405127079769 0.614599652722339
6.095620424398291 -90.1533913839902 0.49954277336563996
89.00445436314871 -76.46563955130623 0.5013547736118422
-42.06911538219893 -83.66072735756707 0.4981526327571805
13.181460464720956 13.573125638990874 0.23158191642844317
3.939879397843299 -31.15655825971666 0.3732959158307048
34.16472083217519 74.68286168792486 0.49475412422612597
-92.30109173178998 79.56109644411953 0.49952052375286915
12.682222266485482 -13.380690968149509 0.3114985628127377
93.80730172235931 91.20331344192641 0.5009249090645413
66.16704671175796 94.97994989968197 0.4986316738815977
17.16691303742151 -32.82665725196682 0.4770307905545867
-72.54469258866358 40.801192173110934 0.5079492389414227
-71.13903708498682 -62.78295470637325 0.49850525222741926
-75.81910900587421 77.08000545863325 0.5026781346638022
-13.6632607201675 3.7056466445164915 0.8467123844209221
30.34467528463344 -93.60125974922417 0.5018851227106607
-89.1412415520901 -4.210071295015254 0.5051721633924787
-40.05722806947314 -90.28723310006504 0.5040264299759929
-39.03337703756953 -32.53653809680581 0.48233812010131083
11.372700240135302 53.58102122558671 0.528700783384372
-70.35078423605424 45.96549222411113 0.5000237527337248
25.466676964167505 -88.36074744787659 0.5007344999759098
-27.96124608929638 26.34878897547766 0.48949371629451216
18.742714270729138 -51.23468323073481 0.5209869851823276
89.56407326862288 69.64987027080016 0.49805074565307245
6.6142070267443955 64.50583466637045 0.5117203323022277
-61.81950038631718 -50.338265167058616 0.5065873345643679
-61.05099159882344 7.415100025520502 0.5194207979757937
39.94944472695241 18.24019097708789 0.4422083737364199
32.13141992118855 -81.93709624045269 0.4934929689202968
41.756554840731155 42.6668755665859 0.47600144374620657
85.03976466762771 -86.58007231977025 0.5013874585748491
85.96464693890596 31.567956056719055 0.496665889281302
-94.65599653386872 -13.045692647893674 0.504190125528393
-82.71326874002656 19.70875428977675 0.4932352458422832
-72.12363204454822 -27.3235940148667 0.5098509207459448
-1.273035132326683 -68.58703103908903 0.49212484015604646
-84.81384517241813 -7.617783166897539 0.4942189935543287
-64.41151285366283 66.77078207600286 0.5053137143132888
-43.715983915589064 -64.73873002101158 0.4934325744245368
-19.13172380983785 23.446384326484136 0.5916747723420197
69.4971441717625 5.337380073447775 0.4943632461241372
12.802708382765204 98.66513938139926 0.5020421322597745
-80.50255883546373 9.834558833828112 0.49652815609193324
-50.1118217482736 47.89521266078415 0.4863823959435511
-95.23622273737288 91.09623542491588 0.49859093243578434
-12.38078023014478 -83.39569878670186 0.4960623493590503
-72.26483928249579 84.54961981023362 0.5023011591237665
37.358949142446676 -89.54912808632336 0.49653319480933555
44.013386114331325 19.750708633835785 0.5278679048912975
49.617985006616465 1.5471266388729248 0.4867355733807875
58.44343762271512 -42.25214045102705 0.4874993245310665
79.34176221160035 -83.56301201299227 0.5010615007151715
62.78024612960428 64.18144645662767 0.5053707079396673
64.87748730685513 -30.455019002858847 0.49485837998888893
-48.02868306268591 7.507210355994914 0.543601414365642
27.77224269990819 -21.435326013403838 0.44997528507167206
39.2975203183324 -34.3879758299459 0.5259561408853508
-92.49359169029464 97.13864073246023 0.5004691927745001
-55.368915679993776 23.55609850110531 0.4866153273404276
-33.536204193945125 -65.18276235257795 0.5061570835046998
-76.89459287519311 3.7777605420390046 0.5104131451345005
75.04062744956786 90.0557570303063 0.5008886605952952
12.278708640513301 51.74830064521328 0.46919725153327063
-59.29222744115859 96.04412243589903 0.49761645023081164
-80.74077797953771 -14.068967607327082 0.4928505832016981
57.45154400537052 -17.032643942314294 0.47880416567853323
74.45416693314246 76.21760920225137 0.49717542454179514
7.843485842099511 -11.504218315564188 0.8192887762011166
62.29594823660432 77.60085288635719 0.5018927459485845
31.069447649516434 10.396941164897427 0.6048449120142442
-52.04100212537413 -78.57492855141632 0.494880210750028
-15.27573084444738 -61.46426215276675 0.4893163576865859
-56.337858833430076 -22.120830979576795 0.5022690167356978
-9.091519227086692 71.58177561063047 0.48727815802426333
-20.28441384044639 -59.17765030181332 0.482327666362648
-6.048818985193378 -82.97109979172942 0.5079104708463755
47.46237256342084 82.01450035860952 0.4973729993659507
-49.61228199133822 -29.688578753578554 0.5218027675795958
-95.99930106885306 -12.297532198038937 0.4983630731906716
46.86115006654842 26.82053981184052 0.48736619301313944
20.078247092646635 10.030972600270687 0.36372425695686805
67.63476392602166 -18.670938541178316 0.5071832695075748
50.01586878856662 -42.905996006399974 0.48268265914424247
-84.31538239841292 -94.8423387233667 0.5013452058444376
-33.85500146999463 97.20376623710953 0.4996763830768025
-97.75295289715353 19.731313161152684 0.5001762846183572
42.92565647330636 -37.50801731843239 0.4830235490410435
69.92064102780739 2.3271919283628364 0.5016920237746263
45.29907200052071 58.410065754147524 0.5117753946609223
-15.228919430511922 87.17628524952997 0.4968870765105894
-96.85034991903785 -9.995005954373596 0.49545295957852503
78.55726556775531 22.236045913362545 0.4915154566320905
-27.646238579864217 -10.92460955242234 0.6369659853108528
48.976011454426015 -99.13824453097374 0.4990729021058205
14.198449256260659 -88.37908118198452 0.5061492420985853
43.51381755740513 65.12255591873765 0.4910908305733311
-51.81002477269245 8.575132668648095 0.5075062278169097
76.51678074595966 -14.507760351933712 0.497510816430578
51.34626392081398 85.64021050649785 0.4991116678837261
-23.2264822614122 70.93084664349999 0.49944450912109867
49.3698951475852 -6.507944371657089 0.4755456690760872
-50.87175704518296 0.23361471397207367 0.48642080303924706
-28.542730464046144 -96.54204107597954 0.4961290160205861
74.3340493377182 16.86827055311943 0.5008684670746829
76.4635464908084 -96.13448760764484 0.4984350464416189
56.06239664442319 34.98630326119937 0.48306099130618785
57.55150196586973 14.747574055014297 0.47933425258139506
67.25091430644335 26.01212530324291 0.4875735996027283
-69.21941795918873 46.13903156513081 0.5079039227082618
30.635478852750282 50.63534852790181 0.48703200474749336
-70.61124454953622 20.51471013624071 0.5101017800147833
50.50980935758534 -81.04821066597836 0.5039181885765913
-33.31972493871311 -38.065500690553435 0.4684793500671147
79.52109956438156 4.011268515482342 0.5051944779666864
15.575908789633615 -60.128999421254804 0.49716145968683334
72.29734936569733 -23.290124322974123 0.4952054187290969
-84.89589110487898 72.92757503392133 0.5019355328993439
98.68901523804982 85.76248990861393 0.5011262531873237
-71.3017744368329 42.1700734705673 0.5054772133099736
-42.13452495753498 97.70368788484316 0.49776478556623405
-30.080472958864846 63.60022788151062 0.5111432133684796
53.290246807504474 -36.77306797650459 0.5143317495723155
-93.06365146266668 45.459461700244844 0.4964360399488611
-30.70812781038221 72.08306189358507 0.49087696655331375
-2.3481978174062874 35.09743666337221 0.4672520602473369
92.68143107920073 92.55089567966661 0.5005412426941732
88.51650680406291 -51.45640550338841 0.5031947598375455
64.22790892855329 30.217592867238068 0.5113896057316516
-71.22351643366346 9.311298402467003 0.4913426686982904
61.83272419744438 71.82918158649645 0.4975420719046662
22.00484352917489 52.205654284532585 0.4724054625773533
-65.17736275569595 -14.903450998127838 0.5033432881258806
-85.93669454226949 -58.31080889470517 0.4966297877847466
-2.3103158794381358 38.220697016812466 0.4688888386512561
-10.316258922050608 64.3674890669445 0.4999673523497785
-11.78047268396216 41.87372011973508 0.4660134595321187
79.22414871962351 85.73243270516068 0.49871270374620646
-88.92473810282668 -95.81429716870366 0.5011787632497355
-27.36734318666481 -98.87852569220486 0.502070055313709
-46.53565861245696 -33.77776705837567 0.5088968161832716
65.50122909557055 76.64379973282729 0.49664075424748083
94.31981049147797 25.09154877679849 0.4958825983609466
-95.01212666778702 78.49687976080068 0.499758024957004
19.709288231909255 49.0342479133559 0.4848567232404476
30.14367121525251 -6.447664424006632 0.4500186717885648
-3.2984052991819084 -91.78470238638796 0.49946572890682867
-63.137890684358645 -26.663925100852566 0.4937855975664543
53.46294537572706 -94.52724969884711 0.5027797330147468
6.534803436612663 -82.57781068916854 0.5054447384920527
-51.92525990180952 -55.42841734026484 0.4951019996235189
95.22109993083049 27.625526948475112 0.5039670795588015
-27.112675076687438 0.809874693955436 0.6104652767954877
-47.635543945972756 -61.889030083400876 0.49369728955415826
4.5371365654598605 81.67547325616562 0.49179035457781917
-11.6305724212489 67.71390481175587 0.4895660791104964
-69.53532342651623 7.721740827931086 0.5017886514745261
-58.82749601975084 -65.19134234226419 0.49372288288544125
73.3224056383151 65.63900650561462 0.5019903266171981
-94.85676824948219 29.106363424210144 0.503681908849237
61.34842836971771 43.20155353753506 0.49152187193968827
50.18502793313829 -29.16629979957581 0.5259010025942485
-26.369353888155118 0.6987772146032114 0.6384242015519269
32.28652487478752 23.34043278633304 0.5312324811114872
35.465676651874276 -47.58262608698445 0.48112518638402435
-61.06678383824662 -43.48241416099854 0.49259779862997194
-97.80105620518349 -12.586458155944939 0.5033113706513613
-73.93499759838335 62.8915407721592 0.49632840612976953
58.62070900128927 -2.8064014865902323 0.5106455473830921
18.10279975429019 -60.99246192495605 0.5001965107565901
76.43446035251918 3.563745997712303 0.5065888202128257
-46.095964788280156 -77.91964714620923 0.4975603489659405
88.87194738959724 -13.522205711156303 0.5045630907256649
87.12568973733573 22.062166995682816 0.504716429598545
-28.915914363185962 -31.68925178449949 0.5347620922169052
-72.91392086967663 71.89053615072382 0.5031583064431758
42.6139795990465 -56.35455507555089 0.5138961989185307
-62.25084351173098 -10.13269692802163 0.4820694642095517
37.16018356429407 84.33128103878653 0.5027951017208675
-77.45432727107129 89.64250405570962 0.5005511873400602
-84.96423414365803 -45.9688049964299 0.5000133669855918
41.47339022785954 -34.2330871080587 0.4756123085721924
70.45417978403265 95.99239551639721 0.49822790363018293
-67.16281061652391 14.13639633691372 0.4912229331056994
-24.556853908626366 -71.4971783764575 0.48977462578847925
4.059415331759624 11.599562181166647 0.17905090601937346
-39.77417939929418 -73.17622672801605 0.5079181727896036
14.714610000146251 29.05502006989994 0.5789182143893723
45.60456421546172 -18.863781508162774 0.5107342529875174
72.36247994648778 -78.50902553258197 0.49676041241250074
-93.63272557492704 -40.17169188152649 0.5035079274225839
-27.659516502239143 18.965179121901897 0.5501936658985609
4.614693695257273 -7.791898239242357 0.18397804954523045
-22.644418609830197 -36.44802199870936 0.5336701821464573
-67.41558902571303 20.409771370378564 0.512367313869437
-1.931925000377646 93.84968377004577 0.4962224598108367
-60.79631562934473 -13.761175452407798 0.4885965099896452
95.62776439426949 -57.31899315750493 0.5027649123317715
75.42339422991208 92.90638049059325 0.4982108236019126
-85.91555784029796 80.28548820445764 0.5020568539950867
-59.72992713671055 -38.640501909694706 0.5083943010204413
83.7349067693807 -15.267797534834273 0.49386702837243346
27.101649973234032 41.06980175580756 0.5222629347309979
-87.00870219720069 -52.788249835611566 0.5030535202873796
89.70425843533712 -38.82667884303599 0.496608138630444
-28.967786132324207 19.81729453169517 0.45274452945108734
-71.71230600611867 -18.04633812399581 0.5116040076004027
43.54332405345812 84.24324435523613 0.49803138728166574
67.1260163907441 -93.34575150204141 0.5020206231099799
3.5713938340776537 47.790759402968234 0.5013551593374211
-18.17785718649847 17.70010691016776 0.3356932661106754
29.390575745228887 24.10713099543503 0.43226844879472676
56.53466221315307 34.1390653154821 0.48277379206473753
90.44645415540694 -34.08190297850753 0.49952626528992927
32.99497221794766 -70.84592254905388 0.49292695066601894
92.4092753656983 -14.929785225848732 0.49849813365217566
-20.47783960531737 -68.41925253768918 0.5014266614990006
-1.1135710698829655 12.082919747469091 0.253437694087066
79.44929272570315 -76.33216807499716 0.4973805452759357
-16.828109494609805 80.14107425301034 0.49229359811138246
-37.4375693286034 4.719951553665112 0.41510056703610104
-25.193479278137247 -41.81173558577653 0.542425285855157
58.42277173951237 -54.35588697699496 0.507472567618176
4.6557825906777595 -18.35947654359215 0.23365068723639837
-76.78723950419533 -82.35628461639175 0.49854268602614266
83.64639183412166 22.605936892045946 0.5060391200411056
-88.38491733265934 83.22799130917292 0.5012480313912339
-2.5257789928029553 81.70819578206167 0.4916019370720079
-2.9027816018983685 41.60540247098925 0.5106726416558262
-16.193817357761574 -76.07912869677018 0.4994151705982175
-96.92951377317681 -28.346530251858894 0.4975747323992262
87.15535876693008 -64.93876631501428 0.5025027316512718
65.88612328976373 -27.531727376323786 0.5017187723788483
-11.629296497971794 -98.41271231744165 0.5041106861519519
-3.549181337436025 -67.86126533987955 0.5108139132292779
28.666841109667672 97.9426505035118 0.5038183206617822
-55.00424530545942 -25.175861630330317 0.5007560192784128
77.25826986297989 89.00946452656007 0.502242255006442
26.539237813826276 35.28589884610088 0.44581336865997007
-55.24230013856153 -0.18837544075975643 0.5262861048180829
-36.01447289813198 -30.0840103853875 0.45498906839483927
-21.10351766258347 75.9466564929761 0.49190314549117736
-88.91994842013473 -90.0793734808527 0.5004275956506974
-22.270389165714192 40.429903022606794 0.5180336549228008
68.68764018619521 -10.663022479346097 0.4896589534369024
10.87510131413228 -49.744512408468935 0.4899303839912552
-41.94639046059496 -95.74723257215459 0.5005217058040675
-79.54728791371659 -68.69340231406761 0.5033097983210254
-67.4315019262127 22.683726252958024 0.5082701189167937
-19.61472853628746 -71.92646725975969 0.5013869806048852
27.027856301133752 -66.54432981904097 0.49145668554229693
-61.503738450482025 5.721000429064091 0.5113515361027476
7.822919641801633 -7.048028849622838 0.7416027766872294
24.328574215763325 74.24977832108254 0.4931834460026864
93.64785422739811 -88.66096148417913 0.4984678608534323
80.25113629683005 93.26992484447976 0.4990304904285435
8.439915148833194 89.52372934657436 0.5043457966703839
-41.37776221215199 14.250799724131397 0.44673175655816005
-96.4084106485372 -36.773792632874766 0.49793933302870313
-7.19431960303416 7.1199229161403395 0.42769244582632504
5.705256621646043 18.854607198292214 0.5330929491243258
7.537359200805824 22.53683872097602 0.6877927538059512
-2.308840873011775 28.698242988520406 0.42346480362584554
64.87414733508737 14.476749646130955 0.4906928936315751
-14.972727384300399 52.37182405336566 0.5167483749851257
-16.888169350300245 86.92347678637822 0.4974955803068585
75.37213439190887 -58.51847636969212 0.5034357002542631
66.1556049048387 -60.860905330680716 0.5045838900978892
6.275866427977661 1.6229846842852993 0.07555657018977957
-61.62928543750403 -73.77704342696067 0.5038649718375
-73.37674221864201 -1.2063265155676675 0.5077982804408735
-69.49726571094925 96.35841481987461 0.499104941655125
9.089180410528883 -76.32729186123902 0.5102570891563677
74.11452401115056 -78.96863910456504 0.5030420344812444
41.74776019492495 -85.0035582353897 0.4969061297243316
-24.552821955949284 81.33481858516907 0.49287281272552436
4.618107288715038 -9.779007779924981 0.8748103163894173
-19.06376183513987 -99.02989245475584 0.4967723876921557
-25.22446823942066 -37.00860198969138 0.5021792812273225
-11.111719234833757 -66.59890059977329 0.5161608119083695
-47.2512771922055 78.35992284857178 0.496016021848998
1.38507415005256 -50.979882141425726 0.49598251450875774
4.856606622933128 -18.054661883314367 0.23824114269277352
-83.27036598371578 45.073150526807126 0.49678264274203593
58.054174323476076 -71.0258755007273 0.4982418854561551
-54.796486670803816 12.98930836125436 0.474346699842324
32.00743627640418 -46.86325066268573 0.4741918553390971
86.94711186366243 -27.88142449567161 0.49472635247754587
42.418625515529584 -75.6884298126559 0.5050704126438806
-70.46009177771167 3.712603345647892 0.5135334837317476
87.33848668002429 56.48179213816255 0.4972075830576263
73.57335706540462 7.362991304930745 0.5116480897968592
-95.33841246114085 -91.14962538912714 0.49852921406598794
-72.48000662047815 92.37444016250555 0.5016119831609123
-53.6449290172139 -57.834838412869715 0.4925949373580245
-19.105005384795916 -41.54580370417913 0.5491594019549133
-85.24036425686921 -71.9211124732524 0.502768607465672
46.126588796572264 -22.526310050512194 0.5202476141999519
-4.029800110415621 -22.81851121996121 0.6503829216954662
13.732862686585307 25.720962303456844 0.5283777596629711
-54.44100671237142 -21.06064008802464 0.5225083689360898
87.39333014541108 -90.01265842026314 0.4983636695730813
-85.02538884883548 -59.05693544670365 0.4965194805448693
-99.31871891540266 40.67876772085438 0.4983429034475166
72.35745183755097 51.67601255445996 0.5020517750472304
-16.947263769218395 -39.52636053902347 0.5229072704664168
71.36825333718258 16.56572283317348 0.5053320244715647
68.35521354248002 55.190565337953046 0.4935804934412224
-68.75174676941482 75.96064541392087 0.502882305870335
-86.0155407952782 -73.17146539278312 0.49750656065661114
39.59981599100985 35.17752921082115 0.47795625023566435
-76.58972515509983 -5.972924208247022 0.5100480855959172
34.914919163209646 88.66786422842932 0.5024558990399669
49.658427061215946 -41.816457933131844 0.5093997378690684
3.6739469185389453 26.451217149095157 0.6703607281537378
-32.486782018934136 -95.05147933930954 0.4959880578557719
90.81090019430235 -14.314486370416063 0.5004538341217866
-43.733696433184654 61.950582710329314 0.49290634329985566
-53.17234185672963 -63.14397425738416 0.501351857051853
70.54818905507702 25.239672842146717 0.4932775443269474
1.700930836647018 -12.56993222208213 0.1392973456671161
-54.097146657800145 -87.0933578166521 0.5024896340839039
14.99790536863803 84.26183637699503 0.49967950127624544
10.019586395162648 29.19403337869366 0.44060164201333507
-13.65813000385971 38.35312160224154 0.4315170789011097
42.36617677264195 -47.26773125783046 0.4944679067745918
-6.440525584777788 50.87870789377777 0.5171056355439118
-86.67079908456506 -81.7062670315971 0.49813684400317854
-51.989168508335325 27.181172792837557 0.5116558490159573
28.509522979881353 33.15591322262131 0.44852288295088205
79.5761346674262 58.28503790927141 0.5034737550619752
-75.01544281414307 27.857645586374446 0.5089764253364931
-98.53281420136726 77.63403413728821 0.49838708325052605
-50.24902354184135 -67.63651997293448 0.4967276149888443
1.254520317705925 -3.1862999447171774 0.08758466644286261
-98.77344739157326 -50.81246706641169 0.5017490723239003
-86.26857227713458 -87.76034265130816 0.49909388506436797
29.14523107972002 24.618624069645037 0.44873716164661664
43.56087838654702 -41.30427148911748 0.4816453399546781
-52.39846620749995 -74.12116777209042 0.4954036860274741
-32.46868336569861 16.056944692315582 0.5918952969873232
20.275435853416298 -47.41697370076181 0.5321651359805951
-50.566241736760034 -4.914235323739462 0.481554171486701
61.085768468150206 -99.23604175039473 0.4980353753375553
52.39720995267538 37.0209848948933 0.5168296334410343
0.8100441848025071 -94.63791965999835 0.4964403370570792
93.8791941763694 45.50190293376977 0.499070271982195
-19.413934572691872 -55.938957169242265 0.48580470223247196
-32.20696570844166 -37.846740694960765 0.482638175531737
-33.54014639472453 8.224225409807602 0.39611134639262113
-24.02950934733836 79.12268113260905 0.5035297075216624
-7.648761255880274 89.10147051620277 0.5060373083295807
-7.363424011525524 -57.256717568429316 0.5188912213904704
41.56420090583387 43.367653075499334 0.482907410183884
75.36167209088674 -58.42551516195535 0.5029598211888934
-19.845730400294585 -99.69644650318152 0.5024244179964574
27.52142153606647 -24.83339694796061 0.47285522745245767
-60.097685966319034 -2.3233865314317086 0.485505868079821
-31.240603328977883 -73.62313107100789 0.5088160024752011
42.41748766943235 90.64181415007903 0.49747140000027446
-72.30153140358922 -54.59298843340077 0.4969004686979905
-11.01263905067296 -48.65577712698212 0.47016473107840345
60.288107773342034 -55.08868133742075 0.49150326158710567
73.50658889557701 -73.52014380312583 0.49700471898782944
-96.3620063146621 -65.57001455580387 0.49810367514778375
14.840272730881537 39.813740017687195 0.5627579059004275
-77.01079563020312 -73.2668712237682 0.49831991380047586
-95.5523740169121 34.041890031110256 0.500923960460628
30.515082957990245 48.308505514849315 0.48955313837794534
53.056646810226965 -96.70927818519557 0.4978000795248729
-62.64187135907886 27.078430873378778 0.5026623866954133
-11.06121886900577 -97.37292488734755 0.49847018898045425
88.34962029209592 67.22078493160217 0.501465685349978
61.48441433525474 24.340482883332342 0.4834905025459663
-79.52124856986707 67.85968451863116 0.5005724919263755
-60.10968127318401 -42.91469537082406 0.5119796010770269
-35.33607734113082 97.71596228607049 0.4968010385494968
-22.29337827515974 68.09055897145052 0.4954185860501457
72.30696298390959 -6.937855051833552 0.490842382228981
-15.04646503993952 78.20022057296129 0.5053807444060434
45.67053321049357 -29.144394003135304 0.4990283525345122
81.09400557333345 -91.7047387745176 0.49808627830077334
98.9521848367045 48.20389315791837 0.49716719468377335
-97.11893280891847 -12.600024917155878 0.4979265530379433
48.76034794938971 40.31004872394888 0.4870624275960343
-49.616964552860665 72.34645187690018 0.4941264135779091
-15.777648002336363 20.337685485283515 0.4369599615775032
10.238160312627457 60.66448669904619 0.5189229559471709
77.62286671234716 -69.708079302766 0.49909660024498853
32.81316778090115 -48.91061419924287 0.5003530448215358
-92.73992250092356 -64.63209374921345 0.4973835173989189
-58.16986191241862 -2.9923132706186664 0.5250770604917293
32.44558666081397 13.677386742668858 0.47393289129132904
-78.60413154765993 48.12307818382689 0.5028868812698376
81.8713869514294 -74.79868196963878 0.5008580245018049
23.721241132313637 -11.4663205839896 0.6317991991689391
53.58246396176344 -82.09688043249794 0.498779820159874
-79.8527829244013 -27.32143013310646 0.49500518469409394
10.781681918672518 -67.95910697366318 0.48755557349518647
-63.09739890157988 -96.25030924080113 0.5016425472178602
82.47385468370189 17.79552959738551 0.49529764175343327
21.612885108849753 -49.24640889373071 0.4757745070982467
-6.465057662598568 93.48026065595286 0.4975753651071508
-1.9193646585828645 42.3125601567524 0.5636548569623706
-72.5712637431532 -13.541985477829101 0.5120183137304991
9.528048796253685 -2.4664444801765057 0.2209616722267198
-51.894831039112965 71.40528416213931 0.4947091858203058
7.3279332552806125 -61.527858362519105 0.5035596573039894
24.647611984982618 5.660720953290948 0.3230398899592504
66.94141771661776 97.99451828211443 0.49964451694339573
32.50050146327001 84.11825930802769 0.5016830923418394
65.39623015717459 -59.48221873009918 0.4958680156883515
-94.69553116086671 1.7769672276754704 0.4969884014580434
17.070522595923848 68.02030247276906 0.5063168762552381
-65.46971282826819 -99.28544188851008 0.4986532071310385
69.75579569617443 7.686280424032162 0.5075064743499497
-93.83882548995204 -76.80198957824584 0.5016503904780406
-23.146817489539927 -15.662833238378937 0.3747511572942547
-19.434092862872163 -61.76713753747085 0.5141895037013814
-2.2140228828027517 -47.74126486348074 0.48927677100092776
-33.18926538623235 62.38230764614843 0.5139048048125162
-88.64182726839864 -78.1614527290856 0.5016466060949265
97.97518811314555 61.06575576464715 0.5000285540053107
68.33122302964517 -38.7337469504212 0.4902733114732934
14.620061816201812 -63.290605339565474 0.5081736055186994
83.16732935914777 92.37587904393237 0.501693753569724
-2.798093586828614 26.795925693532553 0.6491925063417969
-55.55424489882679 -80.05058061033046 0.495482380067454
-1.1728245858851665 67.10611766329626 0.5108190653723123
24.063911392231077 -36.30191756629293 0.46102559986798514
-50.98409896516098 -13.416549669022643 0.49317128901409374
-17.992028403950826 -54.42059716257408 0.4991069404364523
48.685151581298186 -43.22328063413876 0.503057962686882
-66.72044473315708 4.992845397359048 0.5048676980609047
6.4687152522785 -78.76570234074205 0.4947121562013765
-84.28498341548732 -74.3198553879576 0.4996789436886014
-84.23144210406721 4.353534754060661 0.4956334255048008
85.33693459388476 43.299384501520876 0.5046953465554321
80.87626641966878 66.50640555880452 0.5016839419260081
-30.39054591516026 -40.76209366067041 0.4843745409087359
99.87735886800476 32.35038239308153 0.5030108565908865
-28.46484686704204 95.58567409566209 0.5000966047600549
57.186939528528086 -19.767753253171705 0.501446597825884
1.4760580023861678 38.7062028582626 0.5383190961197696
45.71335253422646 -38.71785529148484 0.47844010818384347
82.56381948682966 42.862168221028156 0.504105880334229
17.20763988360079 -93.19831871257776 0.49751005875466625
-57.04226305213429 88.322441990355 0.5033692450974766
-41.4194962826469 -58.574292073533755 0.4932403055987988
-91.7641669026452 61.26752214769354 0.4979190326948589
-75.0975804922565 -91.5164300333895 0.500906623007917
-57.26947184731834 -99.29218359922274 0.5024915997862549
76.25321192093693 -8.41791024434724 0.5092293361794379
21.55962397621734 -70.37963099701912 0.5109860567285436
-31.661726634136173 -22.719070131028673 0.565016812728022
67.95558186593064 15.187394310628292 0.4925244974674101
-63.23992253763304 65.08964860219592 0.495547638833239
54.01497326661294 -88.02042116199358 0.49744026739859504
38.148347283030375 96.71115083018677 0.49700302500521437
84.8955393580168 18.117149000510196 0.5046481967760333
-75.31763873216141 -53.263441712336366 0.5036178731745169
-56.47426640543838 -56.361624081284425 0.5073522978866519
87.35603607776551 -71.8694688370296 0.49737596455619953
88.61972924912777 76.94801766328138 0.5014413491343275
33.74068505327341 -14.526358228450988 0.5317173499741144
48.94639519334899 -98.05214365444658 0.49780157104728057
-35.81657939299647 6.697823331272218 0.575198986267727
-8.956896951502188 53.720630700708824 0.5163278837792166
-71.89896388754002 88.22965109483314 0.4996549437315119
-56.45172191643613 -63.941607593886296 0.4957235616496076
2.6361928155241827 -54.270320851303275 0.5089591451465378
12.510605370691309 52.10673228820218 0.4687930302953709
61.344934312816804 -51.19458733467943 0.5083721714244198
21.869535832676036 38.46778046368641 0.4508434576011233
-63.793809574733665 1.0368203021678681 0.5070313627348075
46.32875381450938 -10.404107735075698 0.4644329310159788
-48.02623677177682 -83.44687205630603 0.5028588114717957
-50.49106217230867 -65.75638275757952 0.5061988538780724
-57.66080740522883 -84.82485011351997 0.5022499348953109
29.355325017304324 76.93718605826805 0.49804370270335163
-20.176879631985628 -21.126380234396436 0.5440688227875116
79.27363181488076 -37.3275235863634 0.49485686692525527
95.39145359201044 -5.200548485824584 0.5041024775983907
-71.52937897543327 36.04294525063443 0.5090891904511152
-30.534712663516217 13.38046839091254 0.5856337705448073
46.39203657833059 -62.58109083643166 0.49710224461457664
-81.17904652979908 95.91631974118783 0.49822645089723033
14.41923879045261 92.92268255031053 0.49530003225795577
77.95475448909238 -18.516094296235067 0.5090790532763712
33.233478626032195 19.75735603456596 0.5280518188249221
32.72695977908512 53.50402996572413 0.4799755986419498
-38.96085826539013 -35.7625489743951 0.48251906789755056
90.18812509842056 34.886645182543106 0.4991051864070827
-30.752794826777404 -85.80174448752228 0.49424720748403206
1.5622552876210989 -7.92053820776448 0.8990257953138323
-56.92457543496678 -32.19657214122044 0.49264800763801747
-30.042483046883433 -12.422075623337918 0.5682917259243454
-98.12824113302906 36.46435111900411 0.5015291178081964
-98.3244251503796 62.44964767834949 0.4979130710438235
87.57026016853519 10.326213973518932 0.4940838857183015
-49.39262555396138 96.45612383934471 0.5030769451431931
13.245416309644327 77.41432749221894 0.4902697729350723
22.64567726505973 -39.9920077735362 0.5355601985140268
-34.470881689643846 7.142660589367338 0.4724809762106203
4.694487344967115 -37.41041666675686 0.4147382838572854
81.29723882764716 -55.973240170383235 0.5037715047136063
61.78345513777609 58.58657131716396 0.49412001192480304
35.46626291390635 5.117336033578226 0.5796644897215436
-31.460526064113026 21.49557142992097 0.4424947618008462
21.654383257089947 66.51764679999087 0.5015284455524658
-23.471777819149835 55.06662934927513 0.47756110408046826
27.742227303396817 -99.78790560686627 0.4964369831113482
-41.48667989951538 -64.80138332797434 0.5104271076870289
-50.5480221576704 73.75486726027214 0.5059989538852049
71.39130093957726 37.987220709249016 0.5004801654692762
-3.856780153183095 12.460048466325063 0.28872781972201983
-8.960891108136465 -6.356875244128773 0.8980310855837421
-74.41038224680767 74.76540633875098 0.503015296190375
92.71278302385474 55.16649707991073 0.5016872591344135
-97.36947589192542 -91.70492187757083 0.501245259586877
74.1654350962508 13.819113077617189 0.48887584715009114
98.81803785981663 29.499880152089446 0.4982933343512524
56.959708731891766 33.5056988322107 0.4830614078371498
-63.83539133869447 -75.61874471563972 0.504292135350138
12.093272836180049 -25.426543874801638 0.3487711344794029
93.12868268375004 -46.61695798153194 0.49791018760889955
-75.35817369024386 88.80097038647773 0.49788303138212225
23.422244906675687 -10.29643657518622 0.3872678086131589
-67.47977204394667 70.49103392892872 0.4958197410627574
38.984427722372516 -66.96528067690866 0.5052062813471847
-7.512348183845717 -7.391508984746736 0.7475549330711062
-23.859446750665384 -50.17828015269572 0.5117273580240792
94.64320586760414 72.6955244435257 0.4978549274791194
-51.89445229840162 -14.756825117843661 0.48486528293260805
6.967402250785341 71.13902721960844 0.499780953585174
11.664034021550734 -85.56934505264964 0.5069736969589687
-74.94772986129891 73.51035760694757 0.5029934005823079
-23.653100592596246 86.07700327185236 0.50534610527448
88.92447654668663 48.055570870529635 0.49818128856122773
53.141463516173445 -79.49611065834591 0.5044902020589744
-32.644650774539485 -65.37231247541315 0.5006935627107961
41.37475310642077 46.740937650141234 0.48574930878463735
13.303404681178009 78.02842067253485 0.4968261588337583
35.27540792451296 -56.6333592262185 0.49872789328554673
-24.865070802360293 12.03824780629661 0.4564880461889025
-5.772593969550314 60.59546400128468 0.5160163757287067
22.06932748909827 -52.33079076992937 0.47530301397630914
-2.022494609315032 49.580854812138284 0.48831297167585624
58.147897165812935 2.650413816261704 0.5255570248198459
-54.613808550646304 -33.80350878962075 0.5178953922446184
-69.19032923276217 67.9662656383596 0.4967910696928218
63.17015694721067 61.10588012053222 0.49350682811425645
57.420629928826344 67.96014832082119 0.5026824632316121
-95.94111900479932 83.06948771874266 0.5013539997961323
-27.888439070285315 28.604189242181633 0.5155797467205812
-47.461303085816866 -76.28538863021397 0.5049506893837296
24.505085166016215 80.01441748877176 0.5050868937045908
-98.2399734547155 12.659626236211153 0.5042052739558034
-2.161867160378577 41.846149878515064 0.5345089346078501
6.723607226362276 34.66828153878038 0.49432686093114625
-56.906111827396884 -12.999375452957736 0.522527273632424
-48.74923456812659 -41.89090265991619 0.5183782918542328
56.6877309457403 91.34630951635151 0.4994133324187864
-42.365551337995996 91.08559729220678 0.49598109845582733
98.482242454463 -13.350591678311147 0.502802672892529
-72.02337573184391 49.574615538289095 0.4967159483352931
-1.1234075185072356 14.138859573695584 0.845064787998625
-73.35292848312761 -99.04186737836432 0.499771556401157
34.80385130491206 -37.88425414876351 0.5266314779279355
34.11146739641063 -47.00698942505108 0.526060655079361
-22.678024593703753 0.7448488117822762 0.46258194053098867
83.85501045375759 -21.877225984399274 0.5059351764775893
7.429722191848498 39.11812295468192 0.5342582669379985
45.55461149259642 41.36584400431758 0.5186676175438979
90.71102069959124 77.79348667131705 0.49791969121767987
-51.91645450786642 -51.73566924930179 0.5059300594962491
-85.82594101740943 7.161627804788864 0.5060558447341462
84.36079012262289 45.32935435521176 0.5048080321590356
-21.960634956008064 74.15914663942249 0.5075275474158286
-9.247209345881274 -57.012862000746466 0.519939836775079
-11.608272180876227 -31.86457413548871 0.4698925147600428
26.560480727618668 5.67894819101862 0.6010306890430556
-38.948762934252066 -36.60083569926189 0.4664927399787997
-96.36540434730323 79.24823690126493 0.5004054998726523
46.33105715562215 -93.82491294878986 0.5012516228990469
75.73468727107593 89.78268524248725 0.5017452593788424
-23.117640898575914 70.7102744671405 0.5049770287458379
-93.10732199911031 66.80185677143058 0.502475255818298
-53.94540343029783 16.449029636159153 0.4726903621058596
-35.52268863955463 73.98729108005261 0.49407938126561596
-24.323330076915667 0.7722219039056739 0.5046374326028482
13.934042839573848 -43.33326735920726 0.5528572306918684
83.73187680232041 -90.5923689034323 0.5002040163204314
64.00602012563496 -74.07479767241271 0.4976468133331502
93.92802228908837 47.96394504196314 0.5030712414676984
20.39048012361016 -80.95886155526537 0.507017913534575
20.750697284667893 -60.40113252331447 0.5092563027199412
23.870430782549263 -17.717220157369027 0.6370005402296256
31.056735933617176 24.392727171327834 0.5689923171088647
48.17193671641073 -11.141492807721875 0.503073078579899
-69.43385794553728 -85.20683340295956 0.49708785200661243
90.18808280452825 39.64428957715518 0.5027569596558417
-94.95602422447058 47.97471763442991 0.4978353139856951
-22.69641540572694 -67.47981058157899 0.5071370621008577
15.896262874506917 30.090547087052414 0.44680378921905717
-14.457370406832638 -71.089809868869 0.4893141482745338
-3.1494756733313665 54.12290843144493 0.50141689460594
-56.195354301114776 -56.96466496339174 0.5089677828650815
19.03017652745342 59.4740198396901 0.48511601669034826
17.838311066758237 1.6088951312589899 0.5865814018469115
26.10793814681817 -53.55080704477175 0.4764678599065218
7.3871810499576185 87.57198384909407 0.4935168141752981
-55.67291099633251 37.19571027425795 0.506363715937004
-24.271502080736724 15.448060913826737 0.418198496084951
21.124851610419284 -35.18023468892095 0.4357868439824552
93.16749545041975 45.49216857088382 0.4963787775719183
87.05621978386901 -29.94232223035563 0.5018567864013506
86.63792752100426 18.017531427348715 0.4968319711755287
99.63885781739853 -43.24835344029074 0.502721191289552
-8.195957296991423 -40.79936106852069 0.4984372512634421
92.67381780545011 26.417021701213585 0.5021699688956435
1.351388156565875 -58.37843579247499 0.5219296970822752
-70.67124693848717 39.96392788013392 0.4952122169179118
-69.86913734011625 24.976403694764528 0.5086966102201013
30.18355305921503 88.86346577098371 0.4963644242061624
-91.05584093272505 -64.14932198299124 0.5026690263944436
5.49053395315309 -3.5826110245143354 0.10709735125560843
5.2600456297225975 54.534733972631585 0.528994864292312
7.202058636123951 33.49084445604092 0.41277139791801426
-75.20309429205388 75.14963693161965 0.49820803351960546
-31.733690291978363 -22.322883227342416 0.546825101951805
-71.31660042011436 50.82582763609315 0.49526980864015696
-99.29010970598301 2.930678862406566 0.5031083704002474
73.14020668681798 12.444932644257605 0.5088227230267328
-23.006521169729695 59.135348698997745 0.49361665515891295
72.7548220246033 -1.0150987381313001 0.49329348025276043
53.93463220309283 90.54222266451387 0.5032675331457275
-27.267831651081195 78.6111495918664 0.5079306888618643
35.4031606946825 4.741989605310138 0.5659992486272419
6.749639562441942 -37.743425821854835 0.47698892946392907
-19.93403924843902 -66.98485699086993 0.49964178098722645
32.80900244337289 89.68958258299426 0.5039359004341368
31.81211041107477 -56.31902355599312 0.5157648720660692
92.61375388314337 -26.48199004637503 0.5025016024350559
24.838425469702386 -69.52917923486518 0.512013190971414
76.70594578222574 23.174082098234166 0.5090726126772828
99.47494509435643 85.51554429244788 0.4999444145678083
96.52932482405879 -35.869568642154846 0.49932672698960745
-35.3986140484365 -59.03870733325596 0.4870932793329369
-4.092422573925276 -77.56072251402432 0.5017264974459001
7.224551170443931 -76.95897642109655 0.5081404925385794
-6.991911092179251 -64.6025217544038 0.5074172257501451
-56.46965203422245 -45.460589086082216 0.48864409247890417
-6.508878966897896 -39.08918187282897 0.5571492298006402
87.40720998305196 36.85864184496231 0.4983101066161473
-34.16901081870496 56.60684558284632 0.48341221354764846
-15.501680221509176 27.393606455872188 0.3747275451304577
-85.2442964017371 69.67637035785165 0.4972113062187079
36.20582019068317 -90.22851512577894 0.4956782828114676
-50.53263676249416 -41.610610787105415 0.49074145777040834
-15.415247445240837 44.82730455594404 0.4598157951555426
